00111100000000010110000101100101
00110100001000010110000101100101
00000000000000010100000000100000
10101100000010000000000000000000
10101100000010000000000000000100
00100000000010000110000101100101
10101100000010000000000000001000
00100000000010000110010101100001
10101100000010000000001000000000
00100000000001000000000000001010
00100000000001010000000000000000
00100000000001100000000000000010
00100000000001110000001000000000
00001100000000000000000000001111
00001000000000000000000000001110
00100011101111011111111111110100
10101111101111110000000000001000
10101111101100000000000000000100
10101111101100010000000000000000
00000000100001101000000000100010
00000000000001101000100000100001
00100100000010100000000000000000
00100100000010000000000000000000
00000010000010000000100000101010
00010100001000000000000000001111
00100100000010010000000000000000
00000001001100010000100000101010
00010000001000000000000000001000
00000001000010010101100000100000
00000000101010110101100000100000
10010001011010110000000000000000
00000000111010010110000000100000
10010001100011000000000000000000
00010101011011000000000000000010
00100001001010010000000000000001
00001000000000000000000000011010
00010101001100010000000000000001
00100001010010100000000000000001
00100001000010000000000000000001
00001000000000000000000000010111
00000000000010100001000000100001
10001111101111110000000000001000
10001111101100000000000000000100
10001111101100010000000000000000
00100011101111010000000000001100
00000011111000000000000000001000