00111100000000010110000101100101
00110100001000010110000101100101
00000000000000010100000000100000
10101100000010000000000000000000
10101100000010000000000000000100
00100000000010000110000101100101
10101100000010000000000000001000
00100000000010000110010101100001
10101100000010000000001000000000
00100000000001000000000000001010
00100000000001010000000000000000
00100000000001100000000000000010
00100000000001110000001000000000
00001100000000000000000001110111
00100000000010000000000000000001
00111100000000010100000000000000
00000000001000000000100000100001
10101100001010000000000000001100
00111100000000010000000011111111
00110100001000011111111111111111
00000000000000010100000000100001
00010001000000000000000000000010
00100001000010001111111111111111
00001000000000000000000000010101
00100000000010000000000000000011
00111100000000010100000000000000
00000000001000000000100000100001
10101100001010000000000000001100
00000000000000100010000000100001
00111100000000010100000000000000
00110100001000010000000000010000
00000000000000011000000000100000
00000000000000101000100000100001
00100000000100100000000000010000
00000000000100101001000001000010
00010110010000000000000000000001
00100000000100100000000000001000
00100100000010000010011100010000
00010001000000000000000000000010
00100001000010001111111111111111
00001000000000000000000000100110
00000000000100100001001000000000
00100000000000010000000000000001
00010000001100100000000000001010
00100000000000010000000000000010
00010000001100100000000000000110
00100000000000010000000000000100
00010000001100100000000000000010
00000000000001000100010000000000
00001000000000000000000000110111
00000000000001000100010100000000
00001000000000000000000000110111
00000000000001000100011000000000
00001000000000000000000000110111
00000000000001000100011100000000
00000000000010000100011100000010
00100000000000010000000000000000
00010000001010000000000000111010
00100000000000010000000000000001
00010000001010000000000000110110
00100000000000010000000000000010
00010000001010000000000000110010
00100000000000010000000000000011
00010000001010000000000000101110
00100000000000010000000000000100
00010000001010000000000000101010
00100000000000010000000000000101
00010000001010000000000000100110
00100000000000010000000000000110
00010000001010000000000000100010
00100000000000010000000000000111
00010000001010000000000000011110
00100000000000010000000000001000
00010000001010000000000000011010
00100000000000010000000000001001
00010000001010000000000000010110
00100000000000010000000000001010
00010000001010000000000000010010
00100000000000010000000000001011
00010000001010000000000000001110
00100000000000010000000000001100
00010000001010000000000000001010
00100000000000010000000000001101
00010000001010000000000000000110
00100000000000010000000000001110
00010000001010000000000000000010
00100000010000100000000001110001
00001000000000000000000001110101
00100000010000100000000001111001
00001000000000000000000001110101
00100000010000100000000001011110
00001000000000000000000001110101
00100000010000100000000000111001
00001000000000000000000001110101
00100000010000100000000001111100
00001000000000000000000001110101
00100000010000100000000001110111
00001000000000000000000001110101
00100000010000100000000001101111
00001000000000000000000001110101
00100000010000100000000001111111
00001000000000000000000001110101
00100000010000100000000000000111
00001000000000000000000001110101
00100000010000100000000001111101
00001000000000000000000001110101
00100000010000100000000001101101
00001000000000000000000001110101
00100000010000100000000001100110
00001000000000000000000001110101
00100000010000100000000001001111
00001000000000000000000001110101
00100000010000100000000001011011
00001000000000000000000001110101
00100000010000100000000000000110
00001000000000000000000001110101
00100000010000100000000000111111
10101110000000100000000000000000
00001000000000000000000000100010
00100011101111011111111111110100
10101111101111110000000000001000
10101111101100000000000000000100
10101111101100010000000000000000
00000000100001101000000000100010
00000000000001101000100000100001
00100100000010100000000000000000
00100100000010000000000000000000
00000010000010000000100000101010
00010100001000000000000000001111
00100100000010010000000000000000
00000001001100010000100000101010
00010000001000000000000000001000
00000001000010010101100000100000
00000000101010110101100000100000
10010001011010110000000000000000
00000000111010010110000000100000
10010001100011000000000000000000
00010101011011000000000000000010
00100001001010010000000000000001
00001000000000000000000010000010
00010101001100010000000000000001
00100001010010100000000000000001
00100001000010000000000000000001
00001000000000000000000001111111
00000000000010100001000000100001
10001111101111110000000000001000
10001111101100000000000000000100
10001111101100010000000000000000
00100011101111010000000000001100
00000011111000000000000000001000
